0 31
1 30
2 28
3 27
4 27
5 27
6 27
7 27
8 26
9 27
10 27
11 26
12 27
13 26
14 26
15 28
16 27
17 26
18 27
19 27
20 26
21 27
22 27
23 26
24 27
25 27
26 27
27 27
28 27
29 27
30 27
31 27
32 27
33 27
34 26
35 26
36 27
37 26
38 27
39 27
40 27
41 28
42 26
43 26
44 27
45 27
46 26
47 28
48 26
49 26
50 27
51 27
52 27
53 27
54 27
55 27
56 28
57 27
58 27
59 26
60 27
61 26
62 26
63 27
64 27
65 26
66 27
67 27
68 27
69 26
70 26
71 27
72 28
73 27
74 27
75 28
76 26
77 26
78 27
79 27
80 26
81 27
82 28
83 27
84 26
85 27
86 26
87 27
88 27
89 26
90 27
91 27
92 27
93 27
94 26
95 27
96 27
97 27
98 28
99 28
100 28
101 26
102 26
103 26
104 26
105 26
106 27
107 27
108 26
109 27
110 27
111 27
112 27
113 26
114 27
115 27
116 27
117 27
118 27
119 27
120 26
121 26
122 27
123 26
124 26
125 27
126 26
127 27
128 27
129 27
130 27
131 27
132 27
133 26
134 26
135 26
136 27
137 27
138 26
139 27
140 27
141 27
142 27
143 27
144 26
145 27
146 27
147 26
148 26
149 26
150 26
151 28
152 27
153 26
154 26
155 27
156 27
157 27
158 28
159 27
160 26
161 28
162 28
163 27
164 27
165 27
166 26
167 28
168 27
169 27
170 27
171 26
172 28
173 27
174 27
175 27
176 27
177 26
178 27
179 28
180 26
181 26
182 28
183 26
184 26
185 28
186 26
187 27
188 28
189 26
190 27
191 27
192 26
193 27
194 26
195 28
196 27
197 27
198 27
199 27
200 26
201 27
202 26
203 28
204 27
205 27
206 27
207 27
208 28
209 26
210 27
211 27
212 26
213 27
214 26
215 27
216 27
217 27
218 26
219 27
220 27
221 27
222 27
223 27
224 26
225 28
226 26
227 28
228 27
229 27
230 26
231 27
232 27
233 28
234 26
235 27
236 27
237 26
238 26
239 28
240 26
241 26
242 27
243 26
244 27
245 26
246 27
247 27
248 27
249 28
250 26
251 26
252 26
253 27
254 28
255 27
256 28
257 28
258 28
259 27
260 27
261 27
262 26
263 27
264 27
265 27
266 27
267 26
268 26
269 27
270 27
271 27
272 26
273 26
274 27
275 27
276 26
277 26
278 26
279 28
280 27
281 28
282 28
283 28
284 27
285 26
286 27
287 28
288 28
289 27
290 27
291 26
292 27
293 27
294 28
295 27
296 26
297 27
298 27
299 27
300 27
