0 16
1 14
2 13
3 13
4 13
5 13
6 13
7 13
8 12
9 13
10 13
11 13
12 13
13 13
14 12
15 12
16 13
17 13
18 13
19 13
20 12
21 12
22 13
23 13
24 11
25 12
26 13
27 13
28 13
29 13
30 12
31 13
32 12
33 12
34 13
35 13
36 13
37 12
38 13
39 12
40 13
41 11
42 13
43 11
44 13
45 13
46 12
47 13
48 12
49 13
50 13
51 12
52 13
53 13
54 11
55 13
56 14
57 12
58 13
59 13
60 13
61 12
62 13
63 13
64 13
65 12
66 13
67 13
68 13
69 13
70 14
71 12
72 13
73 13
74 14
75 13
76 13
77 12
78 14
79 13
80 12
81 13
82 13
83 12
84 13
85 13
86 13
87 13
88 13
89 13
90 13
91 14
92 13
93 13
94 14
95 12
96 13
97 12
98 12
99 13
100 13
101 13
102 13
103 13
104 13
105 12
106 13
107 12
108 15
109 12
110 14
111 13
112 12
113 13
114 13
115 13
116 13
117 13
118 12
119 13
120 13
121 12
122 13
123 12
124 14
125 12
126 12
127 12
128 12
129 13
130 13
131 13
132 13
133 12
134 12
135 13
136 13
137 13
138 14
139 15
140 13
141 14
142 13
143 12
144 13
145 12
146 13
147 13
148 15
149 12
150 12
151 13
152 13
153 12
154 13
155 12
156 13
157 13
158 12
159 13
160 14
161 13
162 12
163 13
164 12
165 14
166 13
167 13
168 13
169 13
170 14
171 12
172 13
173 13
174 13
175 13
176 13
177 13
178 12
179 13
180 13
181 13
182 13
183 13
184 13
185 12
186 13
187 13
188 12
189 12
190 12
191 14
192 12
193 12
194 13
195 13
196 13
197 13
198 12
199 13
200 13
201 13
202 11
203 13
204 13
205 11
206 11
207 13
208 13
209 13
210 12
211 13
212 12
213 13
214 12
215 14
216 13
217 13
218 14
219 14
220 13
221 14
222 13
223 12
224 13
225 13
226 12
227 12
228 13
229 14
230 13
231 12
232 13
233 12
234 13
235 12
236 13
237 12
238 12
239 13
240 12
241 13
242 13
243 12
244 14
245 13
246 12
247 12
248 12
249 13
250 13
251 12
252 12
253 11
254 12
255 13
256 12
257 13
258 12
259 14
260 13
261 13
262 12
263 13
264 12
265 12
266 12
267 13
268 11
269 13
270 13
271 13
272 12
273 13
274 11
275 13
276 13
277 12
278 13
279 13
280 13
281 13
282 12
283 13
284 13
285 12
286 11
287 13
288 13
289 12
290 14
291 12
292 13
293 13
294 12
295 13
296 12
297 13
298 13
299 13
300 12
