0 18
1 17
2 14
3 13
4 13
5 13
6 12
7 13
8 11
9 13
10 12
11 14
12 12
13 13
14 13
15 13
16 13
17 13
18 13
19 13
20 13
21 13
22 13
23 13
24 12
25 14
26 13
27 12
28 13
29 12
30 13
31 13
32 11
33 12
34 13
35 13
36 12
37 13
38 12
39 12
40 12
41 13
42 13
43 12
44 13
45 14
46 12
47 13
48 14
49 13
50 12
51 12
52 13
53 13
54 13
55 13
56 14
57 12
58 13
59 13
60 13
61 13
62 14
63 13
64 13
65 13
66 13
67 14
68 11
69 14
70 13
71 13
72 13
73 12
74 12
75 13
76 13
77 13
78 13
79 12
80 13
81 13
82 13
83 13
84 14
85 12
86 14
87 13
88 12
89 14
90 13
91 14
92 13
93 13
94 13
95 14
96 13
97 13
98 13
99 12
100 13
101 13
102 13
103 12
104 14
105 13
106 13
107 13
108 13
109 14
110 14
111 13
112 13
113 13
114 12
115 14
116 13
117 13
118 12
119 13
120 13
121 13
122 13
123 12
124 14
125 13
126 13
127 13
128 13
129 14
130 14
131 13
132 13
133 12
134 13
135 12
136 13
137 13
138 13
139 12
140 13
141 13
142 14
143 12
144 13
145 12
146 13
147 12
148 13
149 12
150 13
151 12
152 14
153 13
154 12
155 13
156 13
157 13
158 13
159 13
160 13
161 11
162 13
163 13
164 12
165 12
166 13
167 12
168 13
169 12
170 13
171 14
172 12
173 13
174 12
175 14
176 13
177 12
178 12
179 12
180 14
181 12
182 13
183 13
184 13
185 13
186 13
187 13
188 13
189 14
190 13
191 13
192 13
193 13
194 13
195 13
196 14
197 11
198 12
199 12
200 11
201 13
202 13
203 12
204 14
205 13
206 14
207 13
208 13
209 11
210 14
211 10
212 12
213 13
214 12
215 12
216 13
217 13
218 11
219 11
220 14
221 12
222 12
223 13
224 12
225 14
226 12
227 13
228 13
229 12
230 13
231 12
232 13
233 13
234 11
235 12
236 13
237 13
238 12
239 13
240 12
241 12
242 13
243 12
244 14
245 13
246 13
247 12
248 13
249 12
250 13
251 14
252 13
253 12
254 14
255 12
256 12
257 13
258 13
259 13
260 13
261 13
262 14
263 13
264 13
265 13
266 14
267 12
268 13
269 13
270 14
271 13
272 12
273 13
274 13
275 13
276 12
277 13
278 12
279 13
280 13
281 13
282 12
283 14
284 13
285 13
286 14
287 12
288 13
289 13
290 13
291 11
292 13
293 13
294 13
295 12
296 12
297 13
298 13
299 13
300 12
