0 18
1 16
2 13
3 12
4 13
5 13
6 12
7 13
8 13
9 12
10 12
11 13
12 12
13 13
14 12
15 12
16 12
17 12
18 12
19 12
20 12
21 13
22 12
23 12
24 13
25 12
26 13
27 13
28 12
29 13
30 12
31 12
32 13
33 13
34 12
35 12
36 12
37 13
38 13
39 12
40 12
41 12
42 12
43 13
44 12
45 12
46 13
47 13
48 12
49 12
50 13
51 12
52 12
53 12
54 12
55 13
56 12
57 12
58 13
59 12
60 13
61 13
62 12
63 13
64 13
65 12
66 13
67 12
68 12
69 13
70 12
71 12
72 13
73 12
74 12
75 13
76 13
77 12
78 13
79 13
80 13
81 12
82 12
83 13
84 13
85 12
86 12
87 13
88 12
89 13
90 12
91 12
92 13
93 12
94 12
95 12
96 12
97 12
98 12
99 12
100 12
101 12
102 12
103 13
104 12
105 13
106 12
107 13
108 13
109 12
110 13
111 12
112 13
113 13
114 12
115 12
116 12
117 13
118 12
119 12
120 13
121 13
122 12
123 12
124 13
125 12
126 12
127 13
128 12
129 13
130 12
131 13
132 12
133 13
134 13
135 13
136 12
137 12
138 13
139 13
140 13
141 12
142 12
143 12
144 13
145 12
146 13
147 12
148 13
149 13
150 12
151 12
152 12
153 12
154 13
155 13
156 12
157 13
158 12
159 12
160 12
161 12
162 12
163 13
164 12
165 12
166 12
167 12
168 12
169 13
170 12
171 13
172 12
173 12
174 13
175 12
176 12
177 12
178 12
179 12
180 12
181 12
182 13
183 12
184 13
185 12
186 13
187 13
188 12
189 12
190 12
191 13
192 12
193 12
194 12
195 12
196 12
197 12
198 13
199 13
200 12
201 12
202 13
203 12
204 12
205 13
206 12
207 12
208 13
209 13
210 12
211 12
212 12
213 13
214 12
215 12
216 12
217 13
218 13
219 12
220 13
221 12
222 13
223 12
224 13
225 12
226 12
227 12
228 12
229 12
230 13
231 12
232 13
233 12
234 12
235 13
236 12
237 13
238 12
239 13
240 13
241 13
242 12
243 12
244 13
245 12
246 13
247 12
248 13
249 12
250 12
251 12
252 12
253 12
254 12
255 12
256 12
257 13
258 13
259 13
260 12
261 13
262 12
263 13
264 13
265 13
266 13
267 12
268 12
269 12
270 11
271 13
272 13
273 13
274 13
275 13
276 12
277 12
278 12
279 12
280 12
281 13
282 13
283 12
284 13
285 12
286 12
287 13
288 12
289 13
290 12
291 12
292 12
293 12
294 12
295 13
296 12
297 13
298 12
299 12
300 13
